HELLO
+919876543210
+919876543211
+919876543212
+919876543214
+919876543215
+918765432110
+918765432109
+918765432111
+918765432112
+918765432113
+917654321098
+916543210987
+919123456789
+918234567890
+917345678901
+916456789012
+919876543216
+919876543217
+919876543218
+919876543219
+919876543220
+919876543223
+919876543221
+919876543222
+919876543224
+919876543225
+919876543226
+919876543227
+919876543228
+919876543229
+919876543230
+919876543231
+919876543232
+919876543233
+919876543234
+919876543235
+919876543236
FINISH